31
1 4.00 5.00 7.00 8.00 9.00 7.00 7.00
2 4.00 5.00 7.00 8.00 9.00 7.00 7.002 
3 7.00 8.00 97.00 4.00 4.00 4.00 5.00
4 4.00 5.00 7.00 8.00 9.00 7.00 7.00
5 4.00 5.00 7.00 8.00 9.00 7.00 7.002 
6 7.00 8.00 97.00 4.00 4.00 4.00 5.00
7 1.00 1.00 1.00 1.00 1.00 1.00 1.00
8 4.00 5.00 7.00 8.00 9.00 7.00 7.002 
9 7.00 8.00 97.00 4.00 4.00 4.00 5.00
10 1.00 1.00 1.00 1.00 1.00 1.00 1.00
11 4.00 5.00 7.00 8.00 9.00 7.00 7.00
12 4.00 5.00 7.00 8.00 9.00 7.00 7.002 
13 7.00 8.00 97.00 4.00 4.00 4.00 5.00
14 4.00 5.00 7.00 8.00 9.00 7.00 7.00
15 4.00 5.00 7.00 8.00 9.00 7.00 7.002 
16 7.00 8.00 97.00 4.00 4.00 4.00 5.00
17 1.00 1.00 1.00 1.00 1.00 1.00 1.00
18 4.00 5.00 7.00 8.00 9.00 7.00 7.002 
19 7.00 8.00 97.00 4.00 4.00 4.00 5.00
20 1.00 1.00 1.00 1.00 1.00 1.00 1.00
21 4.00 5.00 7.00 8.00 9.00 7.00 7.00
22 4.00 5.00 7.00 8.00 9.00 7.00 7.002 
23 7.00 8.00 97.00 4.00 4.00 4.00 5.00
24 4.00 5.00 7.00 8.00 9.00 7.00 7.00
25 4.00 5.00 7.00 8.00 9.00 7.00 7.002 
26 7.00 8.00 97.00 4.00 4.00 4.00 5.00
27 1.00 1.00 1.00 1.00 1.00 1.00 1.00
28 4.00 5.00 7.00 8.00 9.00 7.00 7.002 
29 7.00 8.00 97.00 4.00 4.00 4.00 5.00
30 4.00 5.00 5.00 4.00 4.00 5.00 4.00
31 4.00 5.00 8.00 9.00 7.00 10.00 50.00
